0001 1.0
0002 0.5
---
001 0 10 15.0
002 15 40 5.0
003 0 20 10.0
004 5 10 15.0
005 10 40 5.0
006 15 40 5.0
/\/\/\/\/\/\/\/\/\/\/\/\/\/\/\/\/\/\/\/
0001 1.0 001
0002 0.5 002
---
001 0 10 10.0
002 15 40 2.5
003 5 20 10.0
004 10 10 15.0
005 15 40 5.0
006 20 40 5.0
/\/\/\/\/\/\/\/\/\/\/\/\/\/\/\/\/\/\/\/
0001 1.0 001 001
0002 0.5 002 004
---
001 0 10 5.0
002 20 40 2.5
003 10 20 10.0
004 10 10 12.5
005 20 40 5.0
006 25 40 5.0
/\/\/\/\/\/\/\/\/\/\/\/\/\/\/\/\/\/\/\/
0001 1.0 001 001 001
0002 0.5 002 004 004
---
002 25 40 2.5
003 15 20 10.0
004 10 10 10.0
005 25 40 5.0
006 30 40 5.0
/\/\/\/\/\/\/\/\/\/\/\/\/\/\/\/\/\/\/\/
0001 1.0 001 001 001 002
0002 0.5 002 004 004 004
---
003 20 20 10.0
004 10 10 7.5
005 30 40 5.0
006 35 40 5.0
/\/\/\/\/\/\/\/\/\/\/\/\/\/\/\/\/\/\/\/
0001 1.0 001 001 001 002 003
0002 0.5 002 004 004 004 004
---
003 20 20 5.0
004 10 10 5.0
005 35 40 5.0
006 40 40 5.0
/\/\/\/\/\/\/\/\/\/\/\/\/\/\/\/\/\/\/\/
0001 1.0 001 001 001 002 004
0002 0.5 002 004 004 004 003
---
003 20 20 7.5
004 10 10 2.5
005 35 40 5.0
006 40 40 5.0
/\/\/\/\/\/\/\/\/\/\/\/\/\/\/\/\/\/\/\/
0001 1.0 001 001 001 003
0002 0.5 002 004 004 004
---
002 30 40 2.5
003 15 20 5.0
004 10 10 7.5
005 30 40 5.0
006 35 40 5.0
/\/\/\/\/\/\/\/\/\/\/\/\/\/\/\/\/\/\/\/
0001 1.0 001 001 001 003 002
0002 0.5 002 004 004 004 004
---
003 20 20 5.0
004 10 10 5.0
005 35 40 5.0
006 40 40 5.0
/\/\/\/\/\/\/\/\/\/\/\/\/\/\/\/\/\/\/\/
0001 1.0 001 001 001 003 003
0002 0.5 002 004 004 004 004
---
002 35 40 2.5
004 10 10 5.0
005 35 40 5.0
006 40 40 5.0
/\/\/\/\/\/\/\/\/\/\/\/\/\/\/\/\/\/\/\/
0001 1.0 001 001 001 003 003 004
0002 0.5 002 004 004 004 004 006
---
002 40 40 2.5
005 40 40 5.0
006 40 40 2.5
/\/\/\/\/\/\/\/\/\/\/\/\/\/\/\/\/\/\/\/
0001 1.0 001 001 001 003 003 006
0002 0.5 002 004 004 004 004 004
---
002 40 40 2.5
004 10 10 2.5
005 40 40 5.0
/\/\/\/\/\/\/\/\/\/\/\/\/\/\/\/\/\/\/\/
0001 1.0 001 001 001 003 004
0002 0.5 002 004 004 004 002
---
003 20 20 5.0
004 10 10 2.5
005 35 40 5.0
006 40 40 5.0
/\/\/\/\/\/\/\/\/\/\/\/\/\/\/\/\/\/\/\/
0001 1.0 001 001 001 003 004
0002 0.5 002 004 004 004 003
---
002 35 40 2.5
003 15 20 2.5
004 10 10 2.5
005 35 40 5.0
006 40 40 5.0
/\/\/\/\/\/\/\/\/\/\/\/\/\/\/\/\/\/\/\/
0001 1.0 001 001 001 003 004 004
0002 0.5 002 004 004 004 003 006
---
002 40 40 2.5
003 20 20 2.5
005 40 40 5.0
006 40 40 2.5
/\/\/\/\/\/\/\/\/\/\/\/\/\/\/\/\/\/\/\/
0001 1.0 001 001 001 003 004 006
0002 0.5 002 004 004 004 003 004
---
002 40 40 2.5
003 20 20 2.5
005 40 40 5.0
/\/\/\/\/\/\/\/\/\/\/\/\/\/\/\/\/\/\/\/
0001 1.0 001 001 001 003 004
0002 0.5 002 004 004 004 005
---
002 35 40 2.5
003 20 20 5.0
004 10 10 2.5
005 30 40 2.5
006 40 40 5.0
/\/\/\/\/\/\/\/\/\/\/\/\/\/\/\/\/\/\/\/
0001 1.0 001 001 001 003 004
0002 0.5 002 004 004 004 006
---
002 35 40 2.5
003 20 20 5.0
004 10 10 2.5
005 35 40 5.0
006 35 40 2.5
/\/\/\/\/\/\/\/\/\/\/\/\/\/\/\/\/\/\/\/
0001 1.0 001 001 001 003 004 003
0002 0.5 002 004 004 004 006 004
---
002 40 40 2.5
005 40 40 5.0
006 40 40 2.5
/\/\/\/\/\/\/\/\/\/\/\/\/\/\/\/\/\/\/\/
0001 1.0 001 001 001 003 004 004
0002 0.5 002 004 004 004 006 003
---
002 40 40 2.5
003 20 20 2.5
005 40 40 5.0
006 40 40 2.5
/\/\/\/\/\/\/\/\/\/\/\/\/\/\/\/\/\/\/\/
0001 1.0 001 001 001 003 005
0002 0.5 002 004 004 004 004
---
002 35 40 2.5
003 20 20 5.0
004 10 10 5.0
006 40 40 5.0
/\/\/\/\/\/\/\/\/\/\/\/\/\/\/\/\/\/\/\/
0001 1.0 001 001 001 003 006
0002 0.5 002 004 004 004 004
---
002 35 40 2.5
003 20 20 5.0
004 10 10 5.0
005 35 40 5.0
/\/\/\/\/\/\/\/\/\/\/\/\/\/\/\/\/\/\/\/
0001 1.0 001 001 001 003 006 003
0002 0.5 002 004 004 004 004 004
---
002 40 40 2.5
004 10 10 2.5
005 40 40 5.0
/\/\/\/\/\/\/\/\/\/\/\/\/\/\/\/\/\/\/\/
0001 1.0 001 001 001 003 006 004
0002 0.5 002 004 004 004 004 003
---
002 40 40 2.5
003 20 20 2.5
005 40 40 5.0
/\/\/\/\/\/\/\/\/\/\/\/\/\/\/\/\/\/\/\/
0001 1.0 001 001 001 004
0002 0.5 002 004 004 002
---
003 20 20 10.0
004 10 10 5.0
005 30 40 5.0
006 35 40 5.0
/\/\/\/\/\/\/\/\/\/\/\/\/\/\/\/\/\/\/\/
0001 1.0 001 001 001 004 003
0002 0.5 002 004 004 002 004
---
003 20 20 5.0
004 10 10 2.5
005 35 40 5.0
006 40 40 5.0
/\/\/\/\/\/\/\/\/\/\/\/\/\/\/\/\/\/\/\/
0001 1.0 001 001 001 004 004
0002 0.5 002 004 004 002 003
---
003 20 20 7.5
005 35 40 5.0
006 40 40 5.0
/\/\/\/\/\/\/\/\/\/\/\/\/\/\/\/\/\/\/\/
0001 1.0 001 001 001 004 004 003
0002 0.5 002 004 004 002 003 006
---
003 20 20 2.5
005 40 40 5.0
006 40 40 2.5
/\/\/\/\/\/\/\/\/\/\/\/\/\/\/\/\/\/\/\/
0001 1.0 001 001 001 004 004 006
0002 0.5 002 004 004 002 003 003
---
003 20 20 5.0
005 40 40 5.0
/\/\/\/\/\/\/\/\/\/\/\/\/\/\/\/\/\/\/\/
0001 1.0 001 001 001 004 004 006 003
0002 0.5 002 004 004 002 003 003 005
---
005 40 40 2.5
/\/\/\/\/\/\/\/\/\/\/\/\/\/\/\/\/\/\/\/
0001 1.0 001 001 001 004 004 006 005
0002 0.5 002 004 004 002 003 003 003
---
003 20 20 2.5
/\/\/\/\/\/\/\/\/\/\/\/\/\/\/\/\/\/\/\/
0001 1.0 001 001 001 004
0002 0.5 002 004 004 003
---
002 30 40 2.5
003 15 20 7.5
004 10 10 5.0
005 30 40 5.0
006 35 40 5.0
/\/\/\/\/\/\/\/\/\/\/\/\/\/\/\/\/\/\/\/
0001 1.0 001 001 001 004 002
0002 0.5 002 004 004 003 004
---
003 20 20 7.5
004 10 10 2.5
005 35 40 5.0
006 40 40 5.0
/\/\/\/\/\/\/\/\/\/\/\/\/\/\/\/\/\/\/\/
0001 1.0 001 001 001 004 003
0002 0.5 002 004 004 003 004
---
002 35 40 2.5
003 15 20 2.5
004 10 10 2.5
005 35 40 5.0
006 40 40 5.0
/\/\/\/\/\/\/\/\/\/\/\/\/\/\/\/\/\/\/\/
0001 1.0 001 001 001 004 003 004
0002 0.5 002 004 004 003 004 006
---
002 40 40 2.5
003 20 20 2.5
005 40 40 5.0
006 40 40 2.5
/\/\/\/\/\/\/\/\/\/\/\/\/\/\/\/\/\/\/\/
0001 1.0 001 001 001 004 003 006
0002 0.5 002 004 004 003 004 004
---
002 40 40 2.5
003 20 20 2.5
005 40 40 5.0
/\/\/\/\/\/\/\/\/\/\/\/\/\/\/\/\/\/\/\/
0001 1.0 001 001 001 004 004
0002 0.5 002 004 004 003 002
---
003 20 20 7.5
005 35 40 5.0
006 40 40 5.0
/\/\/\/\/\/\/\/\/\/\/\/\/\/\/\/\/\/\/\/
0001 1.0 001 001 001 004 004 003
0002 0.5 002 004 004 003 002 006
---
003 20 20 2.5
005 40 40 5.0
006 40 40 2.5
/\/\/\/\/\/\/\/\/\/\/\/\/\/\/\/\/\/\/\/
0001 1.0 001 001 001 004 004 006
0002 0.5 002 004 004 003 002 003
---
003 20 20 5.0
005 40 40 5.0
/\/\/\/\/\/\/\/\/\/\/\/\/\/\/\/\/\/\/\/
0001 1.0 001 001 001 004 004 006 003
0002 0.5 002 004 004 003 002 003 005
---
005 40 40 2.5
/\/\/\/\/\/\/\/\/\/\/\/\/\/\/\/\/\/\/\/
0001 1.0 001 001 001 004 004 006 005
0002 0.5 002 004 004 003 002 003 003
---
003 20 20 2.5
/\/\/\/\/\/\/\/\/\/\/\/\/\/\/\/\/\/\/\/
0001 1.0 001 001 001 004 004
0002 0.5 002 004 004 003 003
---
002 35 40 2.5
003 15 20 5.0
005 35 40 5.0
006 40 40 5.0
/\/\/\/\/\/\/\/\/\/\/\/\/\/\/\/\/\/\/\/
0001 1.0 001 001 001 004 004 002
0002 0.5 002 004 004 003 003 006
---
003 20 20 5.0
005 40 40 5.0
006 40 40 2.5
/\/\/\/\/\/\/\/\/\/\/\/\/\/\/\/\/\/\/\/
0001 1.0 001 001 001 004 004 003
0002 0.5 002 004 004 003 003 006
---
002 40 40 2.5
005 40 40 5.0
006 40 40 2.5
/\/\/\/\/\/\/\/\/\/\/\/\/\/\/\/\/\/\/\/
0001 1.0 001 001 001 004 004 005
0002 0.5 002 004 004 003 003 006
---
002 40 40 2.5
003 20 20 5.0
006 40 40 2.5
/\/\/\/\/\/\/\/\/\/\/\/\/\/\/\/\/\/\/\/
0001 1.0 001 001 001 004 004 006
0002 0.5 002 004 004 003 003 002
---
003 20 20 5.0
005 40 40 5.0
/\/\/\/\/\/\/\/\/\/\/\/\/\/\/\/\/\/\/\/
0001 1.0 001 001 001 004 004 006 003
0002 0.5 002 004 004 003 003 002 005
---
005 40 40 2.5
/\/\/\/\/\/\/\/\/\/\/\/\/\/\/\/\/\/\/\/
0001 1.0 001 001 001 004 004 006 005
0002 0.5 002 004 004 003 003 002 003
---
003 20 20 2.5
/\/\/\/\/\/\/\/\/\/\/\/\/\/\/\/\/\/\/\/
0001 1.0 001 001 001 004 004 006
0002 0.5 002 004 004 003 003 003
---
002 40 40 2.5
003 15 20 2.5
005 40 40 5.0
/\/\/\/\/\/\/\/\/\/\/\/\/\/\/\/\/\/\/\/
0001 1.0 001 001 001 004 004 006 002
0002 0.5 002 004 004 003 003 003 005
---
003 20 20 2.5
005 40 40 2.5
/\/\/\/\/\/\/\/\/\/\/\/\/\/\/\/\/\/\/\/
0001 1.0 001 001 001 004 004 006 002 003
0002 0.5 002 004 004 003 003 003 005 005
---
/\/\/\/\/\/\/\/\/\/\/\/\/\/\/\/\/\/\/\/
